%YAML:1.0
---
Distortion_matrix: !!opencv-matrix
   rows: 5
   cols: 1
   dt: d
   data: [ -1.0138031705573548e-01, 6.6494596500346126e-01,
       2.9568607577579284e-04, -1.6736466701444553e-03,
       -1.8480248249493016e+00 ]
