%YAML:1.0
---
Intrinsic_matrix: !!opencv-matrix
   rows: 3
   cols: 3
   dt: d
   data: [ 1.1631216537480871e+03, 0., 3.5880803032026216e+02, 0.,
       1.1653936056727546e+03, 3.8991655715644850e+02, 0., 0., 1. ]
