%YAML:1.0
---
Rotation_matrix: !!opencv-matrix
   rows: 39
   cols: 3
   dt: "3d"
   data: [ 6.0542553001165844e-01, -7.7521306890064678e-01,
       1.8029039191189214e-01, 1.5196034616380341e-01,
       3.3494445032506948e-01, 9.2990336508167026e-01,
       -7.8126050764382016e-01, -5.3559024729925597e-01,
       3.2058556766336549e-01, -4.3194691150603926e-01,
       7.3017870029657772e-01, 5.2939676167652761e-01,
       -4.4648535775242519e-02, -6.0357250960962994e-01,
       7.9605699161345223e-01, 9.0079319152262727e-01,
       3.2021756865720774e-01, 2.9331269121834075e-01,
       -4.3492303011113065e-01, 8.0724701532967202e-01,
       3.9899149630072167e-01, -1.2801237169701926e-01,
       -4.9402201334373791e-01, 8.5997388508274120e-01,
       8.9132193430401829e-01, 3.2294660018822924e-01,
       3.1819915596275128e-01, -4.1282031151161569e-01,
       6.6980711733265008e-01, 6.1720160075454922e-01,
       1.7675370220573035e-02, -6.7161944110866956e-01,
       7.4068543094382777e-01, 9.1064096750092360e-01,
       3.1667925712841327e-01, 2.6541905812050881e-01,
       -5.2704387012602716e-01, 8.1994318559429069e-01,
       2.2342321132788767e-01, -1.6848384975430314e-01,
       -3.5849548557378830e-01, 9.1820160051874400e-01,
       8.3296935798056149e-01, 4.4628932232431945e-01,
       3.2709003262825187e-01, -5.7904970545542545e-01,
       5.3213397674884566e-01, -6.1768508918497000e-01,
       9.7681873272382910e-02, -7.0688481361695643e-01,
       -7.0055129142106287e-01, -8.0941935376292018e-01,
       -4.6599065555779107e-01, 3.5734159943510202e-01,
       -2.0737338174261152e-01, 5.1298301397931290e-01,
       -8.3297341368937661e-01, 2.9980975283879066e-02,
       -8.4775043026008190e-01, -5.2954730583289122e-01,
       -9.7780234284115952e-01, -1.3478737093120516e-01,
       1.6042114253362355e-01, -7.9138747288484423e-01,
       5.7732875615841772e-01, 2.0099098256766162e-01,
       1.3499213768783129e-02, -3.1220047507764204e-01,
       9.4992033065353387e-01, 6.1116580318974378e-01,
       7.5446827015711448e-01, 2.3927806071089480e-01,
       -7.1677772742920753e-01, 6.6567329273526987e-01,
       2.0762648386081206e-01, -6.5812177874454911e-02,
       -3.6100971526432740e-01, 9.3023692827590443e-01,
       6.9418905688928978e-01, 6.5310876033303422e-01,
       3.0257313243479761e-01, -3.1397034439867821e-01,
       6.4840683278039379e-01, 6.9353529257123891e-01,
       -2.6109744916464981e-02, -7.3609373739276052e-01,
       6.7637585039056136e-01, 9.4907370844343408e-01,
       1.9425392911047240e-01, 2.4804134124490421e-01,
       -4.2608356899775185e-01, 8.9843757999785767e-01,
       1.0612590201138999e-01, -1.6514448731114328e-01,
       -1.9257808052674030e-01, 9.6728536699950962e-01,
       8.8948304679790147e-01, 3.9461829373234764e-01,
       2.3042636939138048e-01, -8.0588709871715192e-01,
       1.7222746285855903e-01, -5.6646596116497161e-01,
       -4.2142984200195949e-01, 5.0515505059071952e-01,
       7.5313694845817458e-01, 4.1586400708820054e-01,
       8.4566901084288959e-01, -3.3451614566199017e-01,
       2.2579482953339419e-01, 8.6522974129300234e-01,
       4.4765409608092488e-01, 6.8544833020537890e-02,
       -4.7249300471486372e-01, 8.7866487716404507e-01,
       9.7176041328208673e-01, -1.6771361088940948e-01,
       -1.6599350559664589e-01, -3.0115980750999966e-01,
       2.7552836095033778e-01, -9.1290026435123806e-01,
       1.6708308282130213e-01, -9.2728878787861613e-01,
       -3.3499066749618084e-01, -9.3882160913321000e-01,
       -2.5341591541698266e-01, 2.3322598491142202e-01,
       -7.3508753675544203e-01, 6.3788648015253990e-01,
       -2.2966748081829105e-01, -3.1966678652816499e-01,
       -2.7366975324895654e-02, 9.4713472866975124e-01,
       5.9787913402089332e-01, 7.6964400023658341e-01,
       2.2402824376014904e-01, -4.6938997377926950e-01,
       8.2693548403993966e-01, 3.0959773537790530e-01,
       -8.4842574289537884e-02, -3.9123992356253967e-01,
       9.1636949960084457e-01, 8.7890545003624876e-01,
       4.0386758652609017e-01, 2.5380343269973743e-01,
       -4.9902994227507647e-01, 8.1219196011575956e-01,
       3.0218096670084016e-01, -1.1274087661973733e-01,
       -4.0658749460244908e-01, 9.0662897812275811e-01,
       8.5921976900671171e-01, 4.1836685953385916e-01,
       2.9446656752818162e-01, -4.6054320848545471e-01,
       8.2132335041361459e-01, 3.3664210548188672e-01,
       -1.0086076255937677e-01, -4.2522128088983557e-01,
       8.9945203810672891e-01, 8.8188834876863187e-01,
       3.8028254803995715e-01, 2.7867207244783898e-01,
       -7.8410480721628395e-01, 5.7996429053778398e-01,
       -2.2095491169313061e-01, -1.8750944730100341e-01,
       1.1800195781539471e-01, 9.7514908866521832e-01,
       5.9162476154500709e-01, 8.0605022154499695e-01,
       1.6222881189074299e-02, -1.3989121262346649e-01,
       9.4133600369510240e-02, -9.8568215663681835e-01,
       7.0771586209979087e-02, -9.9197420390550661e-01,
       -1.0477863031820900e-01, -9.8763446234730978e-01,
       -8.4415899376300868e-02, 1.3210649006173258e-01,
       -3.5123800798335702e-03, 8.7826052252573239e-01,
       -4.7816954917581500e-01, -5.4011689761676639e-04,
       -4.7817409516378706e-01, -8.7826490479127672e-01,
       -9.9999368571002067e-01, -2.8265327029701587e-03,
       2.1538925152716063e-03, -5.8583165302122142e-01,
       6.3216083173392468e-01, -5.0712321692059770e-01,
       2.5184582612661776e-02, -6.1124109231222823e-01,
       -7.9104365484313188e-01, -8.1004136383091518e-01,
       -4.7619009848003607e-01, 3.4216367281247767e-01,
       -8.7378485555036600e-01, 2.0725557714231019e-01,
       4.3993766826021363e-01, -3.4329923410094781e-01,
       3.7786910284630643e-01, -8.5986078930244869e-01,
       -3.4444979616270432e-01, -9.0236360013995209e-01,
       -2.5902561855140127e-01, -9.3962363280754546e-01,
       -7.2029959362805734e-02, 3.3454314164804433e-01,
       -2.7964886212674617e-01, 7.2508204671654386e-01,
       -6.2932705284340340e-01, -1.9724082381892194e-01,
       -6.8488518051096736e-01, -7.0144732299417367e-01,
       -8.2234316548473485e-01, 5.1499121064032771e-01,
       2.4194166888685315e-01, -2.6648719364174889e-01,
       2.7100589448185081e-02, -9.6345738550104332e-01,
       -5.0272884719845845e-01, -8.5676695256923319e-01,
       1.1495257796038499e-01, -5.1986097890758531e-01,
       4.1858329054112264e-01, -7.4466945115870931e-01,
       3.6031559443638866e-01, -6.8294057839600719e-01,
       -6.3542492773425174e-01, -7.7454324283102427e-01,
       -5.9864864090707948e-01, 2.0421207046819667e-01,
       -4.0218075311091817e-01, 3.2609491445489580e-01,
       -8.5551899370720508e-01, 3.9825206649611350e-01,
       -7.7908075775025476e-01, -4.8417813295817480e-01,
       -8.2440641273507198e-01, -5.3543933332352700e-01,
       1.8346331233068669e-01, -2.9178941918661827e-01,
       9.2722286735755932e-01, -2.3476943817277796e-01,
       -3.4097813552053664e-02, 2.3521096385639551e-01,
       9.7134604626400500e-01, 9.5587461204998292e-01,
       2.9143362319912786e-01, -3.7015798077623674e-02,
       -3.8453017064410189e-01, 8.7973683643436107e-01,
       -2.7964199699773362e-01, -1.4713915898286668e-02,
       2.9705415824446868e-01, 9.5474725857087861e-01,
       9.2299515087748762e-01, 3.7124375508570201e-01,
       -1.0128191233636562e-01, -4.2121626422262820e-01,
       9.0585009609718103e-01, -4.4860474307133941e-02,
       -8.4245197920236575e-02, -8.8326406674217983e-02,
       -9.9252264080543817e-01, -9.0303909404948424e-01,
       -4.1428739937964393e-01, 1.1351803968329505e-01,
       -3.9562800180219176e-01, 8.6712348753336133e-01,
       -3.0261417937364665e-01, -2.3790467368009555e-01,
       2.2149054000056501e-01, 9.4569725966158191e-01,
       8.8706248394979048e-01, 4.4613764474457746e-01,
       1.1866487058345876e-01, -6.0126597213855792e-01,
       7.6473849711261832e-01, -2.3163389601310275e-01,
