Pose_of_robot:  [-0.471897 -0.573883  0.125479  2.11016   2.24491   3.38751 ]
R_Pose matrix [[ 0.60542553 -0.77521307  0.18029039]
 [ 0.15196035  0.33494445  0.92990337]
 [-0.78126051 -0.53559025  0.32058557]]
t_Pose matrix [[-0.471897]
 [-0.573883]
 [ 0.125479]]
Receive pose of robot
Pose_of_robot:  [-0.395094 -0.601734  0.143093 -2.31237  -2.02      0.103   ]
R_Pose matrix [[-0.43194691  0.7301787   0.52939676]
 [-0.04464854 -0.60357251  0.79605699]
 [ 0.90079319  0.32021757  0.29331269]]
t_Pose matrix [[-0.395094]
 [-0.601734]
 [ 0.143093]]
Receive pose of robot
Pose_of_robot:  [-0.453897 -0.542515  0.163497 -2.34879  -2.04134   0.28625 ]
R_Pose matrix [[-0.43492303  0.80724702  0.3989915 ]
 [-0.12801237 -0.49402201  0.85997389]
 [ 0.89132193  0.3229466   0.31819916]]
t_Pose matrix [[-0.453897]
 [-0.542515]
 [ 0.163497]]
Receive pose of robot
Pose_of_robot:  [-0.447737 -0.527913  0.134156 -2.26836  -1.99676  -0.04279 ]
R_Pose matrix [[-0.41282031  0.66980712  0.6172016 ]
 [ 0.01767537 -0.67161944  0.74068543]
 [ 0.91064097  0.31667926  0.26541906]]
t_Pose matrix [[-0.447737]
 [-0.527913]
 [ 0.134156]]
Receive pose of robot
Pose_of_robot:  [-0.522182 -0.527532  0.155911 -2.20327  -2.15714   0.30941 ]
R_Pose matrix [[-0.52704387  0.81994319  0.22342321]
 [-0.16848385 -0.35849549  0.9182016 ]
 [ 0.83296936  0.44628932  0.32709003]]
t_Pose matrix [[-0.522182]
 [-0.527532]
 [ 0.155911]]
Receive pose of robot
Pose_of_robot:  [-0.550147 -0.590923  0.127709  2.22499   2.19843  -0.16712 ]
R_Pose matrix [[-0.57904971  0.53213398 -0.61768509]
 [ 0.09768187 -0.70688481 -0.70055129]
 [-0.80941935 -0.46599066  0.3573416 ]]
t_Pose matrix [[-0.550147]
 [-0.590923]
 [ 0.127709]]
Receive pose of robot
Pose_of_robot:  [-0.539509 -0.565592  0.139168  2.44281   1.78189  -0.14358 ]
R_Pose matrix [[-0.20737338  0.51298301 -0.83297341]
 [ 0.02998098 -0.84775043 -0.52954731]
 [-0.97780234 -0.13478737  0.16042114]]
t_Pose matrix [[-0.539509]
 [-0.565592]
 [ 0.139168]]
Receive pose of robot
Pose_of_robot:  [-0.495889 -0.573994  0.124506 -1.87791  -2.48406  -0.017056]
R_Pose matrix [[-0.79138747  0.57732876  0.20099098]
 [ 0.01349921 -0.31220048  0.94992033]
 [ 0.6111658   0.75446827  0.23927806]]
t_Pose matrix [[-0.495889]
 [-0.573994]
 [ 0.124506]]
Receive pose of robot
Pose_of_robot:  [-0.557244 -0.522497  0.138689 -2.00464  -2.3743    0.09156 ]
R_Pose matrix [[-0.71677773  0.66567329  0.20762648]
 [-0.06581218 -0.36100972  0.93023693]
 [ 0.69418906  0.65310876  0.30257313]]
t_Pose matrix [[-0.557244]
 [-0.522497]
 [ 0.138689]]
Receive pose of robot
Pose_of_robot:  [-0.526878 -0.650661  0.11909  -2.47721  -1.89131   0.082969]
R_Pose matrix [[-0.31397034  0.64840683  0.69353529]
 [-0.02610974 -0.73609374  0.67637585]
 [ 0.94907371  0.19425393  0.24804134]]
t_Pose matrix [[-0.526878]
 [-0.650661]
 [ 0.11909 ]]
Receive pose of robot
Pose_of_robot:  [-0.402728 -0.592996  0.157973 -2.09931  -2.04538   0.36976 ]
R_Pose matrix [[-0.42608357  0.89843758  0.1061259 ]
 [-0.16514449 -0.19257808  0.96728537]
 [ 0.88948305  0.39461829  0.23042637]]
t_Pose matrix [[-0.402728]
 [-0.592996]
 [ 0.157973]]
Receive pose of robot
Pose_of_robot:  [-0.451177 -0.548468  0.197592 -1.19412  -2.7127    0.48183 ]
R_Pose matrix [[-0.8058871   0.17222746 -0.56646596]
 [-0.42142984  0.50515505  0.75313695]
 [ 0.41586401  0.84566901 -0.33451615]]
t_Pose matrix [[-0.451177]
 [-0.548468]
 [ 0.197592]]
Receive pose of robot
Pose_of_robot:  [-0.45959  -0.603995  0.197307 -2.35104  -1.33258   0.29473 ]
R_Pose matrix [[ 0.22579483  0.86522974  0.4476541 ]
 [ 0.06854483 -0.472493    0.87866488]
 [ 0.97176041 -0.16771361 -0.16599351]]
t_Pose matrix [[-0.45959 ]
 [-0.603995]
 [ 0.197307]]
Receive pose of robot
Pose_of_robot:  [-0.500659 -0.652914  0.164925  2.31473   1.9224   -0.50652 ]
R_Pose matrix [[-0.30115981  0.27552836 -0.91290026]
 [ 0.16708308 -0.92728879 -0.33499067]
 [-0.93882161 -0.25341592  0.23322598]]
t_Pose matrix [[-0.500659]
 [-0.652914]
 [ 0.164925]]
Receive pose of robot
Pose_of_robot:  [-0.536174 -0.598566  0.173421 -1.85405  -2.50074   0.4102  ]
R_Pose matrix [[-0.73508754  0.63788648 -0.22966748]
 [-0.31966679 -0.02736698  0.94713473]
 [ 0.59787913  0.769644    0.22402824]]
t_Pose matrix [[-0.536174]
 [-0.598566]
 [ 0.173421]]
Receive pose of robot
Pose_of_robot:  [-0.510784 -0.551999  0.224611 -2.13186  -2.06803   0.17882 ]
R_Pose matrix [[-0.46938997  0.82693548  0.30959774]
 [-0.08484257 -0.39123992  0.9163695 ]
 [ 0.87890545  0.40386759  0.25380343]]
t_Pose matrix [[-0.510784]
 [-0.551999]
 [ 0.224611]]
Receive pose of robot
Pose_of_robot:  [-0.414447 -0.544576  0.220846 -2.1841   -2.10785   0.22219 ]
R_Pose matrix [[-0.49902994  0.81219196  0.30218097]
 [-0.11274088 -0.40658749  0.90662898]
 [ 0.85921977  0.41836686  0.29446657]]
t_Pose matrix [[-0.414447]
 [-0.544576]
 [ 0.220846]]
Receive pose of robot
Pose_of_robot:  [-0.375866 -0.55048   0.245519 -2.2032   -2.06174   0.2156  ]
R_Pose matrix [[-0.46054321  0.82132335  0.33664211]
 [-0.10086076 -0.42522128  0.89945204]
 [ 0.88188835  0.38028255  0.27867207]]
t_Pose matrix [[-0.375866]
 [-0.55048 ]
 [ 0.245519]]
Receive pose of robot
Pose_of_robot:  [-0.483934 -0.532131  0.244688 -1.59092  -2.50852   0.23473 ]
R_Pose matrix [[-0.78410481  0.57996429 -0.22095491]
 [-0.18750945  0.11800196  0.97514909]
 [ 0.59162476  0.80605022  0.01622288]]
t_Pose matrix [[-0.483934]
 [-0.532131]
 [ 0.244688]]
Receive pose of robot
Pose_of_robot:  [-0.435499 -0.593888  0.2591    2.57299   1.72822  -0.46836 ]
R_Pose matrix [[-0.13989121  0.0941336  -0.98568216]
 [ 0.07077159 -0.9919742  -0.10477863]
 [-0.98763446 -0.0844159   0.13210649]]
t_Pose matrix [[-0.435499]
 [-0.593888]
 [ 0.2591  ]]
Receive pose of robot
Pose_of_robot:  [-0.389459 -0.613088  0.202348  2.22195   1.57435   0.15258 ]
R_Pose matrix [[-3.51238008e-03  8.78260523e-01 -4.78169549e-01]
 [-5.40116898e-04 -4.78174095e-01 -8.78264905e-01]
 [-9.99993686e-01 -2.82653270e-03  2.15389252e-03]]
t_Pose matrix [[-0.389459]
 [-0.613088]
 [ 0.202348]]
Receive pose of robot
Pose_of_robot:  [-0.478982 -0.604738  0.252951  2.19386   2.19737  -0.042963]
R_Pose matrix [[-0.58583165  0.63216083 -0.50712322]
 [ 0.02518458 -0.61124109 -0.79104365]
 [-0.81004136 -0.4761901   0.34216367]]
t_Pose matrix [[-0.478982]
 [-0.604738]
 [ 0.252951]]
Receive pose of robot
Pose_of_robot:  [-0.491227 -0.5829    0.249699  1.29126   2.78994   0.37436 ]
R_Pose matrix [[-0.87378486  0.20725558  0.43993767]
 [-0.34329923  0.3778691  -0.85986079]
 [-0.3444498  -0.9023636  -0.25902562]]
t_Pose matrix [[-0.491227]
 [-0.5829  ]
 [ 0.249699]]
Receive pose of robot
Pose_of_robot:  [-0.490762 -0.588905  0.25632   0.773452  2.94305   0.28927 ]
R_Pose matrix [[-0.93962363 -0.07202996  0.33454314]
 [-0.27964886  0.72508205 -0.62932705]
 [-0.19724082 -0.68488518 -0.70144732]]
t_Pose matrix [[-0.490762]
 [-0.588905]
 [ 0.25632 ]]
Receive pose of robot
Pose_of_robot:  [-0.479301 -0.562816  0.29792   1.70417   2.61484   0.31338 ]
R_Pose matrix [[-0.82234317  0.51499121  0.24194167]
 [-0.26648719  0.02710059 -0.96345739]
 [-0.50272885 -0.85676695  0.11495258]]
t_Pose matrix [[-0.479301]
 [-0.562816]
 [ 0.29792 ]]
Receive pose of robot
Pose_of_robot:  [-0.472087 -0.569625  0.297117  1.89954   2.2556   -0.60608 ]
R_Pose matrix [[-0.51986098  0.41858329 -0.74466945]
 [ 0.36031559 -0.68294058 -0.63542493]
 [-0.77454324 -0.59864864  0.20421207]]
t_Pose matrix [[-0.472087]
 [-0.569625]
 [ 0.297117]]
Receive pose of robot
Pose_of_robot:  [-0.484912 -0.534862  0.284379  1.9009    2.17244  -0.78049 ]
R_Pose matrix [[-0.40218075  0.32609491 -0.85551899]
 [ 0.39825207 -0.77908076 -0.48417813]
 [-0.82440641 -0.53543933  0.18346331]]
t_Pose matrix [[-0.484912]
 [-0.534862]
 [ 0.284379]]
Receive pose of robot
Pose_of_robot:  [-0.485048 -0.563064  0.287953 -1.44446  -1.86897   0.11633 ]
R_Pose matrix [[-0.29178942  0.92722287 -0.23476944]
 [-0.03409781  0.23521096  0.97134605]
 [ 0.95587461  0.29143362 -0.0370158 ]]
t_Pose matrix [[-0.485048]
 [-0.563064]
 [ 0.287953]]
Receive pose of robot
Pose_of_robot:  [-0.487577 -0.571302  0.280008 -1.30446  -1.9658    0.038246]
R_Pose matrix [[-0.38453017  0.87973684 -0.279642  ]
 [-0.01471392  0.29705416  0.95474726]
 [ 0.92299515  0.37124376 -0.10128191]]
t_Pose matrix [[-0.487577]
 [-0.571302]
 [ 0.280008]]
Receive pose of robot
Pose_of_robot:  [-0.412985 -0.568914  0.237482  1.83824   2.0148    0.1974  ]
R_Pose matrix [[-0.42121626  0.9058501  -0.04486047]
 [-0.0842452  -0.08832641 -0.99252264]
 [-0.90303909 -0.4142874   0.11351804]]
t_Pose matrix [[-0.412985]
 [-0.568914]
 [ 0.237482]]
Receive pose of robot
Pose_of_robot:  [-0.427289 -0.560759  0.310664 -1.83076  -2.05065   0.5414  ]
R_Pose matrix [[-0.395628    0.86712349 -0.30261418]
 [-0.23790467  0.22149054  0.94569726]
 [ 0.88706248  0.44613764  0.11866487]]
t_Pose matrix [[-0.427289]
 [-0.560759]
 [ 0.310664]]
Receive pose of robot
Pose_of_robot:  [-0.428464 -0.565179  0.361391  1.9876    2.21951   0.09795 ]
R_Pose matrix [[-0.60126597  0.7647385  -0.2316339 ]
 [-0.05908307 -0.33164308 -0.941553  ]
 [-0.79686161 -0.55243814  0.2445888 ]]
t_Pose matrix [[-0.428464]
 [-0.565179]
 [ 0.361391]]
Receive pose of robot
Pose_of_robot:  [-0.428677 -0.564969  0.348368  1.73373   1.84413   0.15888 ]
R_Pose matrix [[-0.26654294  0.96382119  0.00189246]
 [-0.04270831 -0.0098493  -0.99903903]
 [-0.96287635 -0.26636763  0.04378843]]
t_Pose matrix [[-0.428677]
 [-0.564969]
 [ 0.348368]]
Receive pose of robot
Pose_of_robot:  [-0.440712 -0.571555  0.362833 -2.17145  -2.26103   0.0625  ]
R_Pose matrix [[-0.6354742   0.67018812  0.38343242]
 [-0.03976893 -0.52434614  0.85057602]
 [ 0.77109725  0.52527041  0.35986111]]
t_Pose matrix [[-0.440712]
 [-0.571555]
 [ 0.362833]]
Receive pose of robot
Pose_of_robot:  [-0.457496 -0.535097  0.355705  1.65797   2.23067  -0.5045  ]
R_Pose matrix [[-0.5366451   0.64692977 -0.54175078]
 [ 0.29631392 -0.45666231 -0.83884301]
 [-0.79006968 -0.61068929  0.05337129]]
t_Pose matrix [[-0.457496]
 [-0.535097]
 [ 0.355705]]
Receive pose of robot
Pose_of_robot:  [-0.474265 -0.519075  0.379195  1.43056   2.04021  -0.95041 ]
R_Pose matrix [[-0.26298129  0.62710751 -0.73319644]
 [ 0.3680673  -0.63726095 -0.67707085]
 [-0.89183367 -0.4479226  -0.06323006]]
t_Pose matrix [[-0.474265]
 [-0.519075]
 [ 0.379195]]
Receive pose of robot
Pose_of_robot:  [-0.474738 -0.513044  0.28552   0.856412  2.71648   0.29018 ]
R_Pose matrix [[-0.87290587  0.11110265  0.47507005]
 [-0.2606574   0.71691408 -0.64660028]
 [-0.41242341 -0.6882517  -0.59683878]]
t_Pose matrix [[-0.474738]
 [-0.513044]
 [ 0.28552 ]]
Receive pose of robot
Pose_of_robot:  [-0.508055  -0.471936   0.33601    0.0781952 -2.9994     0.5561   ]
R_Pose matrix [[-0.84074865 -0.53566687 -0.07875731]
 [-0.52255034  0.84088139 -0.14092419]
 [ 0.14171398 -0.07732717 -0.9868828 ]]
t_Pose matrix [[-0.508055]
 [-0.471936]
 [ 0.33601 ]]
Receive pose of robot
Pose_of_robot:  [-0.461601 -0.530299  0.388993  1.76557   1.87211  -0.88908 ]
R_Pose matrix [[-0.18700581  0.44007407 -0.8782731 ]
 [ 0.23044348 -0.84944611 -0.47469686]
 [-0.95494745 -0.29116338  0.05743916]]
t_Pose matrix [[-0.461601]
 [-0.530299]
 [ 0.388993]]
Receive pose of robot
Pose_of_robot:  [-0.473288 -0.550394  0.28746  -1.00445  -2.41049   0.92964 ]
R_Pose matrix [[-0.44526551 -0.09298808 -0.89055704]
 [-0.59659659  0.77246939  0.2176317 ]
 [ 0.6676909   0.62820718 -0.39943035]]
t_Pose matrix [[-0.473288]
 [-0.550394]
 [ 0.28746 ]]
Program finish